                                                 
                                                 
                                                 
                                                 
                                                 
          1     1    9999    1  1111             
          1     1   9    9   1  1   1            
          11   11  9    9 9  1  1    1           
           1   1   9  99  9  1  1    1           
           11 11   9 9    9  1  1    1           
            111     9    9   1  1   1            
             1       9999    1  1111             
                                                 
                                                 
                                                 
                                                 
                                                 
                                                 
